#E [TeV]    Flux [TeV/cm2/s]    +Unc [TeV/cm2/s]   -Unc [TeV/cm2/s]
1.49 6.9815e-12 1.4880376900132597e-12 7.16717580641078e-13
2.75 9.5528e-12 1.6069784743113384e-12 7.19558257613656e-13
4.79 9.3156e-12 2.6570899250872186e-12 9.653091961128315e-13
7.09 7.7971e-12 2.9952738546082884e-12 1.0553216461818649e-12
11.11 5.883e-12 1.6296685044511352e-12 6.689902543385817e-13
18.93 4.1212e-12 5.446485197813355e-13 4.912015732873831e-13
36.22 3.2826e-12 2.942470533412359e-13 3.3712795256400764e-13
61.52 1.8838e-12 1.9542395349598268e-13 3.0372723223313367e-13
107.18 1.3377e-12 2.1706096493842463e-13 3.2719043323422523e-13
188.49 8.2432e-13 2.2807436002321693e-13 3.2770071864431437e-13
